30
6
5 2 4 6 3 1
6
2 4 8 16 32 64
3
1 1 1
3
200000 200000 200000
200
115461 157503 62588 93571 128868 99955 134193 159706 45926 84075 110938 111428 47579 117603 179656 55636 103807 35583 197697 186235 125040 102853 192270 153627 117877 466 43543 111853 188252 4606 140988 137892 31250 92296 88897 94598 26753 56008 57117 91061 50258 139253 188866 180033 135141 155138 75363 168955 123457 46825 15085 68684 144622 34217 152334 102971 138000 142659 159928 73753 193099 54598 168234 96010 12055 101100 185211 174718 120162 68058 133658 40302 17086 115488 121593 110673 137646 99673 85125 102421 153987 143810 14278 195044 40771 54117 51958 77037 135673 136216 59065 84128 126441 132095 46566 54015 80867 111522 91781 48902 30419 116904 188164 63659 119951 55467 184307 134127 111679 66726 28722 146066 153098 115533 138490 168151 86935 130881 191346 24972 124683 11250 78713 38413 115680 91428 193818 33898 78724 13121 108622 42695 13909 62252 67516 163623 13004 175758 89964 154614 7723 68282 137451 135045 103454 177126 144843 129158 190567 307 126270 152826 73820 157745 65188 137333 96676 141064 120470 183035 62963 72240 143456 28457 21672 24234 82271 165746 175994 137080 88245 150422 189101 176062 141259 66765 136594 78772 108200 52846 35873 149272 115371 121802 197532 145840 110348 39413 103911 67486 21054 196838 93494 115079 191705 108740 101201 122300 162811 78386
200
136761 190666 13508 191762 116514 42464 77354 99631 179828 60552 40144 146413 59400 29155 24845 60419 52771 57381 47258 40135 181392 150862 10138 48658 189592 33486 181726 149217 76553 15340 47239 2820 2352 164273 27304 41557 59598 80275 75808 18457 14210 136395 92005 13737 140466 14923 186854 151709 145400 1064 197202 183776 84009 111746 184296 156146 133418 143727 122142 157473 77221 136343 199500 119369 102909 76800 149712 60268 150640 181626 19843 84433 12161 56324 179576 170696 127157 24214 31153 141221 157927 151425 107078 159554 82985 63357 162446 181042 90003 111027 118521 86474 97636 139659 136541 192078 176126 95370 73912 190376 44096 21341 62602 135812 189626 39096 40204 123993 178762 108468 28580 179913 58251 55208 145339 112273 182794 188942 86556 19130 161539 64661 46293 17603 109285 49921 92860 58754 93191 188060 84241 51761 191641 174507 96650 107169 116241 40074 71738 30929 148822 175307 128326 45529 33062 145331 77820 84878 165872 61111 3766 82436 54441 69882 110407 123380 183790 189108 21358 64845 127587 94726 10627 190206 162763 71358 84791 183614 182255 88468 3966 156108 51816 87431 118106 173065 178398 8731 66763 162971 77848 198561 31984 67225 161990 18497 64135 191501 150055 84683 77463 91684 60762 71111 114854 11232 144090 170690 127402 99010
200
134983 83635 8169 157156 133038 83635 125258 24118 82586 51170 4998 96152 81396 51170 76636 14756 98548 61060 5964 114736 97128 61060 91448 17608 138453 85785 8379 161196 136458 85785 128478 24738 80157 49665 4851 93324 79002 49665 74382 14322 96813 59985 5859 112716 95418 59985 89838 17298 29148 18060 1764 33936 28728 18060 27048 5208 89526 55470 5418 104232 88236 55470 83076 15996 389 238 284 399 231 279 84 258 347 215 21 404 342 215 322 62 54552 60228 100787 69471 87646 133771 5695 125528 2076 33574 95236 142460 164023 156853 190060 95195 165723 59039 124498 56163 174137 26677 108820 45807 51880 17869 33628 57324 123209 128667 51497 141513 127788 114085 24302 174265 58 118401 82576 187675 74565 18033 60121 110476 40450 70927 196431 39131 154361 47682 144550 153511 166686 53758 184871 49809 160937 4975 16812 9707 93435 13908 175745 109090 133543 129463 58631 124970 197687 136526 172030 107547 54203 115545 101026 134650 42063 151009 98555 45271 31935 151201 27616 7074 134650 67718 74937 79638 22189 94434 11435 169765 167908 14067 146418 72735 82318 29012 120462 125192 86533 149613 185141 12534 149048 77417 37116 114376 93559 64533 113918 110044 88402 59514 120112 91777 91400 168544 174105 193647
200
194460 100206 120945 174659 130986 20180 40367 186869 84723 91736 149464 59080 61485 171470 3402 126285 41701 59721 174454 183509 13910 138167 123510 12011 34825 184416 126862 116931 150151 176278 98584 95154 120951 55542 78866 114092 194719 134009 32197 115845 135924 126823 65506 78687 153595 159938 93414 982 122797 44544 164152 116685 163511 101346 41502 133203 157460 143370 37396 23716 73484 42322 56056 181061 80143 91984 140282 17636 134175 69400 82802 148667 192480 79883 151699 130015 121138 34956 57950 94207 181738 60042 76827 16386 140444 197437 14606 170269 63585 155930 93948 5778 131692 66669 69176 55349 74155 49306 35918 135597 178109 136145 156645 145181 34695 91088 47005 66453 116803 90846 132589 19864 51522 184202 199829 110967 43913 93602 42318 110327 183848 154265 66496 129091 129142 107109 89756 131348 182881 74168 54592 144835 132405 142648 135979 47962 127347 33835 62158 105587 152699 14408 24533 17800 96647 148003 15878 173716 116262 116752 104429 90322 105683 60422 13730 82164 31579 6730 165566 157087 181692 62579 48550 106101 28958 197861 56252 83373 64550 34641 182814 188896 164518 16814 156356 126151 122544 133925 41716 168872 99723 146690 130512 168724 17776 43137 112203 117832 116746 187656 2290 147147 76356 65734 94802 57138 146656 20543 148433 14558
3
65537 65537 131073
200
24510 25026 21285 28122 11610 516 45537 24252 36765 18189 53922 48762 24510 55480 56648 48180 63656 26280 1168 103076 54896 83220 41172 122056 110376 55480 79420 81092 68970 91124 37620 1672 147554 78584 119130 58938 174724 158004 79420 71820 73332 62370 82404 34020 1512 133434 71064 107730 53298 158004 142884 71820 57000 58200 49500 65400 27000 1200 105900 56400 85500 42300 125400 113400 57000 19950 20370 17325 22890 9450 420 37065 19740 29925 14805 43890 39690 19950 3990 4074 3465 4578 1890 84 7413 3948 5985 2961 8778 7938 3990 12540 12804 10890 14388 5940 264 23298 12408 18810 9306 27588 24948 12540 35720 36472 31020 40984 16920 752 66364 35344 53580 26508 78584 71064 35720 30020 30652 26070 34444 14220 632 55774 29704 45030 22278 66044 59724 30020 43510 44426 37785 49922 20610 916 80837 43052 65265 32289 95722 86562 43510 8360 8536 7260 9592 3960 176 15532 8272 12540 6204 18392 16632 8360 65740 67124 57090 75428 31140 1384 122138 65048 98610 48786 144628 130788 65740 129 292 418 378 300 105 21 66 188 158 229 44 346 190 194 165 218 90 4 353 188 285 141 418 378 190 184833 18146 40589 193441 133602
200
118360 13988 68595 94957 39274 96571 31473 5380 82852 33625 96033 64240 7592 37230 51538 21316 52414 17082 2920 44968 18250 52122 126280 14924 73185 101311 41902 103033 33579 5740 88396 35875 102459 70400 8320 40800 56480 23360 57440 18720 3200 49280 20000 57120 85800 10140 49725 68835 28470 70005 22815 3900 60060 24375 69615 183480 21684 106335 147201 60882 149703 48789 8340 128436 52125 148869 32560 3848 18870 26122 10804 26566 8658 1480 22792 9250 26418 172040 20332 99705 138023 57086 140369 45747 7820 120428 48875 139587 141240 16692 81855 113313 46866 115239 37557 6420 98868 40125 114597 18480 2184 10710 14826 6132 15078 4914 840 12936 5250 14994 39600 4680 22950 31770 13140 32310 10530 1800 27720 11250 32130 269 146 287 160 195 417 74 391 321 42 90 440 52 255 353 146 359 117 20 308 125 357 148562 155030 172938 3043 120878 146849 53756 113795 61097 162567 144816 112818 28622 99965 160863 178313 66277 178329 149139 96187 7180 8768 73297 142031 27766 52533 60032 87845 103799 153601 188983 123923 68078 165300 24539 146840 114305 184245 76042 153416 93168 113029 126389 24379 166463 144615 9337 184929 186320 88090 60595 28002 135575 142290 96026 100373 179665
200
1 1 0 0 0 1 0 0 0 1 1 1 0 0 1 1 1 1 0 0 1 0 1 0 1 0 0 1 1 1 1 1 0 0 1 1 1 1 0 0 1 1 0 0 1 0 1 0 1 0 0 0 1 0 0 0 1 1 1 1 0 0 0 0 1 0 1 0 0 1 1 0 0 1 1 1 0 1 1 1 1 1 1 1 0 0 1 0 1 1 0 0 1 0 0 0 1 0 0 0 0 0 1 0 0 1 1 0 1 1 1 1 1 1 0 0 0 1 1 0 0 1 0 0 1 1 1 0 1 0 1 0 0 0 1 1 0 0 0 0 1 1 0 1 0 0 1 1 0 1 1 1 0 1 0 1 0 1 1 0 0 0 0 0 1 0 1 0 1 0 1 1 1 1 1 1 0 0 0 1 0 1 0 1 0 0 1 0 1 0 0 0 0 0 0 0 1 0 1 1
200
8829 18873 4698 27621 10125 32562 16848 27216 45671 97627 24302 142879 52375 168438 87152 140784 28558 61046 15196 89342 32750 105324 54496 88032 35752 76424 19024 111848 41000 131856 68224 110208 16023 34251 8526 50127 18375 59094 30576 49392 16241 34717 8642 50809 18625 59898 30992 50064 22018 47066 11716 68882 25250 81204 42016 67872 26814 57318 14268 83886 30750 98892 51168 82656 81 419 262 328 147 149 202 246 109 233 58 341 125 402 208 336 33756 13652 32159 43049 133609 156248 161866 179661 99906 138103 163557 42072 142551 49444 124176 169537 147868 174215 197927 69054 32895 46936 195389 192977 121800 152605 171883 172624 1688 121850 106335 135387 103677 104710 171634 127597 174936 4004 6683 167170 45913 18192 120011 86973 181383 165948 95232 114053 15738 126578 158650 109811 84873 102941 195538 183481 31777 14804 74398 63712 168207 102989 8003 133557 3980 63562 63105 196323 190635 139088 67430 191196 54989 110448 142720 140099 164736 144740 117636 128773 31487 160535 115378 2538 63917 156046 95945 95627 133918 176860 136447 123063 109906 183194 64671 45552 28086 150193 173386 87750 193251 76948 27461 106218 6237 68301 179528 78173 31177 65247 53519 188890 21477 96302 176186 173358 115690 51308 178181 157626
200
41034 185233 34652 122535 78854 170017 182138 182710 103169 155766 135233 79533 80206 130594 77619 46702 72241 175386 18221 104536 177659 137119 100828 199267 52695 127210 101571 163670 164020 61464 67919 187064 112335 53038 163844 86124 135102 99452 87935 118775 173940 177757 196710 102428 124290 117397 99345 159624 53483 171656 157403 12655 30406 141157 198095 156402 49966 30551 106917 108382 157793 132621 193699 176923 7413 101070 191298 133078 110236 87813 82393 104739 85106 114133 60787 80446 160237 4865 141438 197957 58935 26011 147709 90170 111679 78236 129265 134215 26591 176876 92070 166044 15890 22318 90750 35500 170233 123871 12342 115995 48792 3532 112383 61631 139240 134166 173428 142291 53213 161256 193141 100513 129250 60590 194752 78802 121559 187171 57140 153025 131203 6510 118591 34642 82129 115367 138587 94988 168287 109941 125121 4118 155825 6526 176340 138921 13157 189709 85527 78162 77467 83352 14197 191320 117751 67958 72551 59675 167850 159686 130745 182767 5091 56417 28157 191041 160176 60753 7829 111629 107027 125840 42364 132777 118904 105140 52854 98819 37180 9189 25833 101092 126352 113065 24260 54606 77337 180027 109282 163061 83901 11619 14409 180542 18961 160612 182001 60929 98728 120036 149748 153442 77208 129865 137179 87693 106017 130743 173517 132867
200
91795 118748 134157 126543 162833 155324 145749 123043 89128 156955 117481 100505 51096 63233 6017 138208 128625 51130 32739 149573 87890 172804 81723 648 139946 146049 36436 79363 112386 94524 63745 119206 23645 9086 15449 171987 153365 196260 171201 198485 194827 55504 24964 13729 13384 185827 35461 72930 135299 88013 125474 71723 197006 139560 118417 168355 199028 13885 126960 177765 161560 199602 191913 176442 147362 175979 161178 180345 127045 56567 38790 35418 179563 22736 65050 48257 31806 15006 100435 77826 9472 22153 186916 136434 5039 83396 39806 126355 176593 159072 2733 68964 150805 98138 97518 135624 38126 124 3828 99311 101088 161554 53483 125796 52843 152681 123883 117884 96696 79443 18023 158681 93251 153044 166083 41196 109784 62486 106562 94923 105828 153940 115614 191550 100855 193480 38971 68567 75154 199697 21219 76731 121718 176688 32935 186094 149477 181437 162998 12714 81743 58602 107000 92573 116257 179557 78671 162977 188651 8502 38701 69711 65136 149479 100742 84289 159716 153851 156096 69661 12908 50524 4608 116303 46916 148106 71136 69768 48914 4214 147891 115487 147399 22939 166231 95865 134922 94182 71747 173392 197439 100278 185048 104551 3901 66024 103097 136793 79031 41536 76387 147847 178967 31246 68575 40656 154866 54704 108624 754
200
20640 26640 17760 13320 6960 6600 36960 31800 5760 69832 90132 60088 45066 23548 22330 125048 107590 19488 19608 25308 16872 12654 6612 6270 35112 30210 5472 74992 96792 64528 48396 25288 23980 134288 115540 20928 76712 99012 66008 49506 25868 24530 137368 118190 21408 6536 8436 5624 4218 2204 2090 11704 10070 1824 48332 62382 41588 31191 16298 15455 86548 74465 13488 33368 43068 28712 21534 11252 10670 59752 51410 9312 66048 85248 56832 42624 22272 21120 118272 101760 18432 120 406 114 436 446 38 281 194 384 172 222 148 111 58 55 308 265 48 25898 180107 97516 167121 190852 126301 115243 160839 79206 81022 88145 14600 174459 101795 60441 4677 132657 176279 11646 137765 61346 143512 169390 173610 133332 140614 42140 165954 47364 147094 63318 15801 147238 129196 493 190376 36539 90818 113302 183950 185903 61406 166866 114940 163264 17836 86877 141786 190389 135 101117 122047 105156 161845 196011 46665 172479 95411 194528 27954 138061 58340 162717 142692 36526 172968 114467 28286 185249 44691 43608 181341 108306 161113 148796 79236 147215 197008 197347 29819 124295 33980 150291 17869 65905 135925 167416 143792 42031 32412 141917 108723 92930 148366 123583 106446 28510 84257 146845 79331 113942
200
10123 174924 124167 177912 133230 65647 58549 184299 48963 31110 34563 188690 112651 188082 146216 168314 66243 27340 120268 157997 15211 93976 38465 98875 125628 148619 100753 171368 163779 149857 98980 184997 98200 153713 47112 95842 145515 138143 50608 58589 88001 37506 192377 159355 167117 122396 70132 125067 89391 19678 16351 72378 107685 76823 125948 17585 185033 162298 127416 121349 86613 162455 172758 184618 103788 157212 175681 128451 2716 102912 83271 34887 111824 134737 123167 5751 82803 23384 23146 122444 77151 189771 79317 74143 197505 52735 86905 28889 17538 41498 174120 188368 16219 99059 2217 45238 104121 99879 157187 135973 163710 101067 182647 79293 55901 77382 176173 149242 65933 129875 19887 84123 194375 115904 137833 102261 91514 91785 103972 113813 112911 15059 195820 171471 109611 160763 2358 33621 50626 115126 61925 17383 90363 101410 105052 166064 103985 48855 66232 188227 70362 131758 7062 130788 121700 173981 129867 91383 94091 101513 45348 115773 106168 21195 26320 123900 129878 101995 186029 172737 90232 196200 24171 125303 155910 686 71608 170214 3101 182990 158739 110137 76531 113283 175689 151205 77823 90270 87794 72871 82630 29057 51453 125576 121483 132424 66591 42013 2117 127908 172729 184032 59415 141622 126895 183634 148583 143698 10601 79327
200
65537 65537 131073 131073 65537 131073 65537 65537 131073 65537 65537 131073 131073 65537 65537 65537 131073 131073 65537 65537 65537 131073 65537 65537 65537 65537 131073 131073 131073 131073 131073 131073 65537 131073 131073 65537 65537 65537 131073 65537 65537 131073 131073 65537 131073 65537 65537 131073 65537 65537 65537 131073 65537 65537 65537 65537 131073 131073 65537 131073 65537 65537 131073 131073 65537 131073 65537 131073 65537 65537 131073 131073 65537 131073 131073 131073 131073 131073 65537 65537 65537 131073 131073 65537 65537 65537 65537 131073 131073 65537 65537 131073 65537 131073 131073 65537 65537 131073 131073 65537 131073 65537 65537 131073 65537 131073 65537 131073 131073 131073 131073 131073 65537 65537 65537 131073 131073 131073 65537 131073 65537 65537 131073 65537 131073 131073 131073 131073 131073 65537 65537 65537 65537 131073 65537 65537 65537 131073 131073 131073 131073 131073 65537 131073 131073 131073 65537 131073 65537 65537 131073 131073 131073 131073 131073 65537 65537 131073 65537 65537 131073 65537 131073 131073 131073 65537 65537 65537 65537 65537 65537 131073 65537 131073 65537 131073 131073 65537 131073 65537 65537 65537 131073 131073 65537 65537 65537 65537 131073 131073 131073 65537 65537 65537 131073 65537 65537 131073 131073 131073
200
139229 39622 89783 158059 174693 169234 76462 105961 180559 112393 193522 145390 139350 88271 29079 82189 52354 35785 91675 146124 123214 98924 164326 173064 106848 96718 182111 147827 110809 187071 131904 74904 84943 6920 110003 107544 70263 142570 159697 177799 82451 47348 2367 194714 96244 129958 29608 18866 130207 42422 193983 71992 56348 117406 93975 18357 58580 165368 161562 82305 88638 153505 33692 145919 193640 119649 18030 191073 123806 6030 84135 65252 16748 58948 39286 62346 131944 50031 159146 47674 42940 82 68304 60649 143396 106652 132878 35200 152063 195134 170862 61215 48062 139560 196501 40791 27336 88008 180469 191025 34970 4331 104004 154654 105838 145151 13388 31471 154301 185865 98851 168231 21430 170639 171973 103569 33563 62828 126495 51017 180536 164883 6898 167331 194163 75071 108897 34028 54166 83634 9557 17891 105294 121135 64489 173103 121305 127265 8965 87551 113260 7728 92425 192038 18925 132352 61162 40672 42657 162182 54216 155174 78459 35606 44849 137334 199356 110572 129606 18289 120064 139238 149205 30509 88427 39611 156148 184533 92709 124241 196980 134111 53605 85134 143725 61831 85555 94614 186910 111352 81552 119992 6128 148011 76038 70375 67663 115969 222 148654 96784 112230 30738 57548 187601 95733 73718 65158 39278 139817
200
200000 200000 200000 200000 200000 200000 200000 200000 200000 200000 200000 200000 200000 200000 200000 200000 200000 200000 200000 200000 200000 200000 200000 200000 200000 200000 200000 200000 200000 200000 200000 200000 200000 200000 200000 200000 200000 200000 200000 200000 200000 200000 200000 200000 200000 200000 200000 200000 200000 200000 200000 200000 200000 200000 200000 200000 200000 200000 200000 200000 200000 200000 200000 200000 200000 200000 200000 200000 200000 200000 200000 200000 200000 200000 200000 200000 200000 200000 200000 200000 200000 200000 200000 200000 200000 200000 200000 200000 200000 200000 200000 200000 200000 200000 200000 200000 200000 200000 200000 200000 200000 200000 200000 200000 200000 200000 200000 200000 200000 200000 200000 200000 200000 200000 200000 200000 200000 200000 200000 200000 200000 200000 200000 200000 200000 200000 200000 200000 200000 200000 200000 200000 200000 200000 200000 200000 200000 200000 200000 200000 200000 200000 200000 200000 200000 200000 200000 200000 200000 200000 200000 200000 200000 200000 200000 200000 200000 200000 200000 200000 200000 200000 200000 200000 200000 200000 200000 200000 200000 200000 200000 200000 200000 200000 200000 200000 200000 200000 200000 200000 200000 200000 200000 200000 200000 200000 200000 200000 200000 200000 200000 200000 200000 200000 200000 200000 200000 200000 200000 200000
200
0 0 0 0 0 0 0 0 0 0 0 0 0 0 0 0 0 0 0 0 0 0 0 0 0 0 0 0 0 0 0 0 0 0 0 0 0 0 0 0 0 0 0 0 0 0 0 0 0 0 0 0 0 0 0 0 0 0 0 0 0 0 0 0 0 0 0 0 0 0 0 0 0 0 0 0 0 0 0 0 0 0 0 0 0 0 0 0 0 0 0 0 0 0 0 0 0 0 0 0 0 0 0 0 0 0 0 0 0 0 0 0 0 0 0 0 0 0 0 0 0 0 0 0 0 0 0 0 0 0 0 0 0 0 0 0 0 0 0 0 0 0 0 0 0 0 0 0 0 0 0 0 0 0 0 0 0 0 0 0 0 0 0 0 0 0 0 0 0 0 0 0 0 0 0 0 0 0 0 0 0 0 0 0 0 0 0 0 0 0 0 0 0 0 0 0 0 0 0 0
200
28028 147862 4693 65792 157976 4925 86577 42871 148661 142115 47779 47701 184273 56184 145735 72024 64683 185189 167031 7456 27786 177702 30501 128002 138746 126621 7657 101594 108042 132358 89771 78117 69848 29164 117078 176787 78159 145014 68052 88500 2068 63151 132854 49261 89686 34296 35276 24069 59454 30635 71117 48707 9554 66844 179613 153437 111931 98938 106306 52589 138639 111621 65689 128043 75619 168921 132638 55358 117383 152288 157950 26652 71709 48730 161047 117650 117881 43185 164116 114271 116093 87674 112082 12334 176148 74961 33738 182775 90767 59363 184591 62807 152877 102126 145405 134751 88883 167285 194101 71216 99769 152713 128102 1694 127712 15608 177031 915 141968 12417 55485 44611 168684 136643 147458 26679 151846 192975 117495 32564 104751 69499 78229 74857 144984 69831 47112 173905 164907 115633 101823 27138 104805 135745 58495 57484 103739 27206 136062 53235 152138 43029 88252 25493 95815 159541 173092 196414 4752 120592 135578 124551 63804 172605 10523 153435 25870 121610 139117 172778 128454 61343 27578 150643 91362 79977 82708 5142 38681 143651 39079 165810 142103 128462 49607 51166 44213 56957 55136 112960 2655 198394 11445 31181 63111 48186 161440 47639 44020 168579 27414 7681 116716 47346 169611 7565 154794 13869 172761 168013
200
58464 5600 56896 56896 21952 23968 99680 60032 22400 36960 35392 62720 70209 6725 68326 68326 26362 28783 119705 72092 26900 44385 42502 75320 92916 8900 90424 90424 34888 38092 158420 95408 35600 58740 56248 99680 26100 2500 25400 25400 9800 10700 44500 26800 10000 16500 15800 28000 30015 2875 29210 29210 11270 12305 51175 30820 11500 18975 18170 32200 66816 6400 65024 65024 25088 27392 113920 68608 25600 42240 40448 71680 109098 10450 106172 106172 40964 44726 186010 112024 41800 68970 66044 117040 43326 4150 42164 42164 16268 17762 73870 44488 16600 27390 26228 46480 3393 325 3302 3302 1274 1391 5785 3484 1300 2145 2054 3640 67077 6425 65278 65278 25186 27499 114365 68876 25700 42405 40606 71960 69426 6650 67564 67564 26068 28462 118370 71288 26600 43890 42028 74480 12267 1175 11938 11938 4606 5029 20915 12596 4700 7755 7426 13160 224 269 356 100 115 256 418 166 13 257 266 47 261 25 254 254 98 107 445 268 100 165 158 280 40140 109863 148200 141320 55743 92681 73695 37442 42154 74563 190038 90967 113045 134517 56568 26630 111237 149916 110866 191680 103761 47525 170849 25347 119345 22535 120775 161089 23403 157717 176365 92792
200
45211 81379 1785 21125 117073 37889 112860 103955 47420 82031 162460 109865 23072 158056 109604 118035 129479 131668 165268 41577 95164 191035 133424 5030 160635 2219 49569 91253 39873 511 182023 25127 150538 74626 84086 14549 175678 36146 106355 139788 54929 181843 75169 193125 27509 10868 818 129031 125216 199253 147119 74262 53538 47160 158975 39171 116264 75546 196762 77165 105637 130320 98510 14404 174955 18926 41299 115000 80686 185976 179335 18865 81469 67473 33699 57437 23238 161678 44231 25396 182217 191106 28412 194395 120313 10884 427 133010 29157 69149 37702 154313 22 117069 117712 114128 91009 141004 63253 150526 192486 153 194081 193878 192729 199369 110247 99761 147594 175223 84226 10606 169491 169542 90247 91060 181811 102376 7195 93974 70500 152980 21030 81294 46801 184164 97391 74353 165393 36807 197680 95635 10486 5806 99643 29502 113730 105076 199257 29690 181504 41388 193335 136533 31453 119741 180641 162865 159294 175501 78016 189501 72705 151586 56990 121822 69715 91784 33382 34944 29652 74199 102694 42865 138576 182677 133898 91832 188729 103990 90389 198444 110398 141449 158044 96652 153265 88409 186803 174943 197392 98703 161319 165103 63149 103638 33464 30845 79281 70227 128781 186145 199978 190033 189953 80122 162819 76807 152070 40793
200
1224 6444 3258 2376 7038 5958 2844 4392 29036 152866 77287 56364 166957 141337 67466 104188 7616 40096 20272 14784 43792 37072 17696 27328 6324 33294 16833 12276 36363 30783 14694 22692 4896 25776 13032 9504 28152 23832 11376 17568 10404 54774 27693 20196 59823 50643 24174 37332 28424 149644 75658 55176 163438 138358 66044 101992 12580 66230 33485 24420 72335 61235 29230 45140 18 427 112 93 72 153 418 185 68 358 181 132 391 331 158 244 20993 68115 132346 89125 166971 164106 172153 178435 195599 42917 64400 59139 191323 59359 392 50991 161211 123228 157531 136781 113975 106872 157822 122135 153749 143813 100420 21265 93093 93398 181510 96374 165812 71543 131562 196128 176214 95643 21104 109942 100821 33200 163601 154868 148282 19120 152070 25732 66080 93254 57496 82284 9555 190409 20503 189646 102604 80624 50161 76021 35449 20085 84001 125506 65085 86837 36573 137576 75472 141490 19725 92578 98247 189530 157966 29306 81386 132977 183405 82148 193574 124877 164755 23461 177545 38359 62789 173008 60739 102291 13771 138192 135824 172138 106973 468 154303 180636 150336 144413 96552 190021 35575 141236 23818 184689 21975 162984 89877 172491 74530 178903 103833 105256 39280 2148 60705 60759 138218 184494
200
0 0 0 0 0 0 0 0 0 0 0 0 0 0 0 0 0 0 0 0 0 0 0 0 0 0 0 0 0 0 0 0 0 0 0 0 0 0 0 0 0 0 0 0 0 0 0 0 0 0 0 0 0 0 0 0 0 0 0 0 0 0 0 0 0 0 0 0 0 0 0 0 0 0 0 0 0 0 0 0 0 0 0 0 0 0 0 0 0 0 0 0 0 0 0 0 0 0 0 0 92093 5724 129300 24648 71766 97615 26390 53036 5496 101570 35270 163799 113441 125624 52098 194121 20771 66350 27951 63204 68599 161975 119887 8230 173891 111423 54529 142292 102806 103204 111372 132511 135506 141167 164221 73059 76028 50496 183535 113954 18725 123546 127294 152509 179802 141471 58400 138734 109320 129221 19989 53377 77567 180684 178709 31098 152876 98376 136901 60588 93489 131661 136784 45298 28027 60711 11908 120333 53457 150639 125662 165332 167200 162842 78978 137948 18074 14183 99477 100337 134510 8402 188892 185067 157232 106475 64898 133446 12577 96472 3866 60844 134000 27976 179091 69157 139579 155661 96650 41923
200
1 1 1 1 1 1 1 1 1 1 1 1 1 1 1 1 1 1 1 1 1 1 1 1 1 1 1 1 1 1 1 1 1 1 1 1 1 1 1 1 1 1 1 1 1 1 1 1 1 1 1 1 1 1 1 1 1 1 1 1 1 1 1 1 1 1 1 1 1 1 1 1 1 1 1 1 1 1 1 1 1 1 1 1 1 1 1 1 1 1 1 1 1 1 1 1 1 1 1 1 1 1 1 1 1 1 1 1 1 1 1 1 1 1 1 1 1 1 1 1 1 1 1 1 1 1 1 1 1 1 1 1 1 1 1 1 1 1 1 1 1 1 1 1 1 1 1 1 1 1 1 1 1 1 1 1 1 1 1 1 1 1 1 1 1 1 1 1 1 1 1 1 1 1 1 1 1 1 1 1 1 1 1 1 1 1 1 1 1 1 1 1 1 1 1 1 1 1 1 1
200
0 0 0 0 1 1 1 0 1 0 1 1 0 1 1 0 0 0 1 1 0 0 0 0 0 1 0 1 0 1 1 0 1 0 1 0 0 0 1 0 0 0 1 1 1 1 1 1 0 0 1 1 0 0 1 1 1 0 0 0 1 1 0 0 1 0 1 0 1 1 1 1 1 1 0 0 0 1 0 0 0 1 0 1 0 0 0 1 0 0 0 1 1 0 1 1 1 0 1 1 0 1 1 1 1 1 0 0 1 1 0 1 0 0 0 1 1 0 1 0 1 0 0 1 0 1 1 0 1 0 1 1 1 1 1 0 0 0 0 0 1 0 0 1 0 1 1 0 0 0 0 0 1 0 1 0 0 1 0 1 0 1 0 1 0 1 1 1 1 1 0 0 0 0 1 1 1 0 0 1 0 0 1 1 1 0 1 1 0 0 0 0 0 1 1 0 1 1 1 0
200
894 432 654 1266 414 819 1323 639 249 15 705 1335 750 86718 41904 63438 122802 40158 79443 128331 61983 24153 1455 68385 129495 72750 84632 40896 61912 119848 39192 77532 125244 60492 23572 1420 66740 126380 71000 94764 45792 69324 134196 43884 86814 140238 67734 26394 1590 74730 141510 79500 22648 10944 16568 32072 10488 20748 33516 16188 6308 380 17860 33820 19000 69136 33408 50576 97904 32016 63336 102312 49416 19256 1160 54520 103240 58000 85228 41184 62348 120692 39468 78078 126126 60918 23738 1430 67210 127270 71500 103704 50112 75864 146856 48024 95004 153468 74124 28884 1740 81780 154860 87000 1192 576 872 1688 552 1092 1764 852 332 20 940 1780 1000 89400 43200 65400 126600 41400 81900 132300 63900 24900 1500 70500 133500 75000 65262 31536 47742 92418 30222 59787 96579 46647 18177 1095 51465 97455 54750 46488 22464 34008 65832 21528 42588 68796 33228 12948 780 36660 69420 39000 3576 1728 2616 5064 1656 3276 5292 2556 996 60 2820 5340 3000 3 291 284 318 76 232 286 348 4 300 219 156 12 298 144 218 422 138 273 441 213 83 5 235 445 250 102890 38610 120059 5643 148771
200
0 0 0 0 0 0 0 0 0 0 0 0 0 0 0 0 0 0 0 0 0 0 0 0 0 0 0 0 0 0 0 0 0 0 0 0 0 0 0 0 0 0 0 0 0 0 0 0 0 0 0 0 0 0 0 0 0 0 0 0 0 0 0 0 0 0 0 0 0 0 0 0 0 0 0 0 0 0 0 0 0 0 0 0 0 0 0 0 0 0 0 0 0 0 0 0 0 0 0 0 95550 55330 88615 10699 6008 47163 66887 81923 68096 120089 181830 179670 25821 191709 83749 91162 9578 120415 69459 75133 122353 198747 89117 10846 182868 47537 94736 38793 20309 56946 104510 78457 184607 12808 184711 83601 59197 124117 31550 105081 119493 65537 38738 88032 173548 10260 2641 6650 122631 116471 54843 63055 56951 2126 55376 81781 83130 30744 10297 33476 119067 69354 135748 121502 100540 15005 75742 12471 54238 83468 120083 88797 106522 5163 82248 124250 100472 148349 32076 62910 138645 1234 132362 53537 163761 188222 184681 54039 111401 21728 132183 65894 118628 138224 78932 198931 51825 195538 63707 189334
